                               T.C.              
                           BASBAKANLIK                     
                     DiYANET iSLERi BASKANLIGI             
              PUSULA KIBLE SEMTi (KUZEYDEN)  160 Derece
                              ADANA               
                              2016 - OCAK
           GUN  İMSAK  GUNES  ÖĞLE   İKİNDİ AKŞAM  YATSI  K.SAT
           ---  -----  -----  ----   ------ -----  -----  -----
           01   05 18  06 45  11 49  14 18  16 40  18 01  10 43
           02   05 18  06 45  11 49  14 19  16 41  18 01  10 44
           03   05 18  06 45  11 50  14 20  16 42  18 02  10 44
           04   05 18  06 45  11 50  14 20  16 42  18 03  10 45
           05   05 18  06 45  11 51  14 21  16 43  18 04  10 46
           06   05 19  06 45  11 51  14 22  16 44  18 04  10 46
           07   05 19  06 45  11 52  14 23  16 45  18 05  10 47
           08   05 19  06 45  11 52  14 24  16 46  18 06  10 47
           09   05 19  06 45  11 52  14 24  16 47  18 07  10 48
           10   05 19  06 45  11 53  14 25  16 48  18 08  10 48
           11   05 19  06 45  11 53  14 26  16 49  18 08  10 49
           12   05 19  06 45  11 54  14 27  16 50  18 09  10 49
           13   05 19  06 45  11 54  14 28  16 51  18 10  10 50
           14   05 19  06 44  11 54  14 29  16 51  18 11  10 51
           15   05 19  06 44  11 55  14 30  16 52  18 12  10 51
           16   05 18  06 44  11 55  14 30  16 53  18 13  10 52
           17   05 18  06 44  11 55  14 31  16 55  18 14  10 52
           18   05 18  06 43  11 56  14 32  16 56  18 15  10 53
           19   05 18  06 43  11 56  14 33  16 57  18 15  10 53
           20   05 17  06 42  11 56  14 34  16 58  18 16  10 54
           21   05 17  06 42  11 57  14 35  16 59  18 17  10 54
           22   05 17  06 42  11 57  14 36  17 00  18 18  10 55
           23   05 16  06 41  11 57  14 37  17 01  18 19  10 55
           24   05 16  06 40  11 58  14 38  17 02  18 20  10 56
           25   05 16  06 40  11 58  14 39  17 03  18 21  10 56
           26   05 15  06 39  11 58  14 40  17 04  18 22  10 57
           27   05 15  06 39  11 58  14 41  17 05  18 23  10 57
           28   05 14  06 38  11 58  14 42  17 06  18 24  10 58
           29   05 14  06 37  11 59  14 42  17 07  18 25  10 58
           30   05 13  06 37  11 59  14 43  17 08  18 26  10 58
           31   05 12  06 36  11 59  14 44  17 09  18 27  10 59 

                              ADANA               
                              2016 - SUBAT
           GUN  İMSAK  GUNES  ÖĞLE   İKİNDİ AKŞAM  YATSI  K.SAT
           ---  -----  -----  ----   ------ -----  -----  -----
           01   05 12  06 35  11 59  14 45  17 11  18 28  10 59
           02   05 11  06 34  11 59  14 46  17 12  18 28  11 00
           03   05 10  06 33  11 59  14 47  17 13  18 29  11 00
           04   05 10  06 32  12 00  14 48  17 14  18 30  11 00
           05   05 09  06 32  12 00  14 49  17 15  18 31  11 01
           06   05 08  06 31  12 00  14 50  17 16  18 32  11 01
           07   05 07  06 30  12 00  14 51  17 17  18 33  11 02
           08   05 06  06 29  12 00  14 51  17 18  18 34  11 02
           09   05 06  06 28  12 00  14 52  17 19  18 35  11 02
           10   05 05  06 27  12 00  14 53  17 20  18 36  11 03
           11   05 04  06 26  12 00  14 54  17 21  18 37  11 03
           12   05 03  06 25  12 00  14 55  17 22  18 38  11 03
           13   05 02  06 24  12 00  14 56  17 23  18 39  11 03
           14   05 01  06 22  12 00  14 56  17 25  18 40  11 04
           15   05 00  06 21  12 00  14 57  17 26  18 41  11 04
           16   04 59  06 20  12 00  14 58  17 27  18 42  11 04
           17   04 58  06 19  12 00  14 59  17 28  18 43  11 05
           18   04 57  06 18  12 00  14 59  17 29  18 44  11 05
           19   04 56  06 17  12 00  15 00  17 30  18 45  11 05
           20   04 55  06 16  12 00  15 01  17 31  18 46  11 05
           21   04 53  06 14  11 59  15 02  17 32  18 46  11 06
           22   04 52  06 13  11 59  15 02  17 33  18 47  11 06
           23   04 51  06 12  11 59  15 03  17 34  18 48  11 06
           24   04 50  06 11  11 59  15 04  17 35  18 49  11 06
           25   04 49  06 09  11 59  15 04  17 36  18 50  11 06
           26   04 47  06 08  11 59  15 05  17 37  18 51  11 06
           27   04 46  06 07  11 59  15 06  17 38  18 52  11 07
           28   04 45  06 05  11 58  15 06  17 39  18 53  11 07
           29   04 43  06 04  11 58  15 07  17 40  18 54  11 07 

                              ADANA               
                              2016 - MART
           GUN  İMSAK  GUNES  ÖĞLE   İKİNDİ AKŞAM  YATSI  K.SAT
           ---  -----  -----  ----   ------ -----  -----  -----
           01   04 42  06 03  11 58  15 08  17 41  18 55  11 07
           02   04 41  06 01  11 58  15 08  17 42  18 56  11 07
           03   04 39  06 00  11 58  15 09  17 43  18 57  11 07
           04   04 38  05 58  11 57  15 09  17 44  18 58  11 07
           05   04 37  05 57  11 57  15 10  17 45  18 59  11 08
           06   04 35  05 56  11 57  15 11  17 46  19 00  11 08
           07   04 34  05 54  11 57  15 11  17 46  19 01  11 08
           08   04 32  05 53  11 57  15 12  17 47  19 02  11 08
           09   04 31  05 51  11 56  15 12  17 48  19 02  11 08
           10   04 30  05 50  11 56  15 13  17 49  19 03  11 08
           11   04 28  05 48  11 56  15 13  17 50  19 04  11 08
           12   04 27  05 47  11 55  15 14  17 51  19 05  11 08
           13   04 25  05 46  11 55  15 14  17 52  19 06  11 08
           14   04 24  05 44  11 55  15 14  17 53  19 07  11 08
           15   04 22  05 43  11 55  15 15  17 54  19 08  11 08
           16   04 20  05 41  11 54  15 15  17 55  19 09  11 09
           17   04 19  05 40  11 54  15 16  17 56  19 10  11 09
           18   04 17  05 38  11 54  15 16  17 57  19 11  11 09
           19   04 16  05 37  11 54  15 17  17 57  19 12  11 09
           20   04 14  05 35  11 53  15 17  17 58  19 13  11 09
           21   04 13  05 34  11 53  15 17  17 59  19 14  11 09
           22   04 11  05 32  11 53  15 18  18 00  19 15  11 09
           23   04 09  05 31  11 52  15 18  18 01  19 16  11 09
           24   04 08  05 29  11 52  15 18  18 02  19 17  11 09
           25   04 06  05 28  11 52  15 19  18 03  19 18  11 09
           26   04 05  05 26  11 51  15 19  18 04  19 19  11 09
           27   05 03  06 25  12 51  16 19  19 05  20 20  12 09
           28   05 01  06 23  12 51  16 20  19 05  20 21  12 09
           29   05 00  06 22  12 51  16 20  19 06  20 22  12 09
           30   04 58  06 20  12 50  16 20  19 07  20 23  12 09
           31   04 56  06 19  12 50  16 21  19 08  20 24  12 09 

                              ADANA               
                              2016 - NISAN
           GUN  İMSAK  GUNES  ÖĞLE   İKİNDİ AKŞAM  YATSI  K.SAT
           ---  -----  -----  ----   ------ -----  -----  -----
           01   04 55  06 17  12 50  16 21  19 09  20 25  12 09
           02   04 53  06 16  12 49  16 21  19 10  20 26  12 09
           03   04 51  06 14  12 49  16 21  19 11  20 27  12 09
           04   04 50  06 13  12 49  16 22  19 12  20 28  12 09
           05   04 48  06 12  12 48  16 22  19 13  20 29  12 09
           06   04 46  06 10  12 48  16 22  19 13  20 31  12 09
           07   04 45  06 09  12 48  16 22  19 14  20 32  12 09
           08   04 43  06 07  12 48  16 23  19 15  20 33  12 09
           09   04 41  06 06  12 47  16 23  19 16  20 34  12 10
           10   04 40  06 04  12 47  16 23  19 17  20 35  12 10
           11   04 38  06 03  12 47  16 23  19 18  20 36  12 10
           12   04 36  06 02  12 47  16 23  19 19  20 37  12 10
           13   04 35  06 00  12 46  16 24  19 20  20 38  12 10
           14   04 33  05 59  12 46  16 24  19 20  20 39  12 10
           15   04 31  05 57  12 46  16 24  19 21  20 41  12 10
           16   04 30  05 56  12 46  16 24  19 22  20 42  12 10
           17   04 28  05 55  12 45  16 24  19 23  20 43  12 10
           18   04 26  05 53  12 45  16 25  19 24  20 44  12 10
           19   04 25  05 52  12 45  16 25  19 25  20 45  12 10
           20   04 23  05 51  12 45  16 25  19 26  20 46  12 10
           21   04 22  05 49  12 44  16 25  19 27  20 48  12 10
           22   04 20  05 48  12 44  16 25  19 28  20 49  12 11
           23   04 18  05 47  12 44  16 25  19 28  20 50  12 11
           24   04 17  05 46  12 44  16 26  19 29  20 51  12 11
           25   04 15  05 44  12 44  16 26  19 30  20 52  12 11
           26   04 14  05 43  12 44  16 26  19 31  20 54  12 11
           27   04 12  05 42  12 43  16 26  19 32  20 55  12 11
           28   04 10  05 41  12 43  16 26  19 33  20 56  12 11
           29   04 09  05 40  12 43  16 26  19 34  20 57  12 11
           30   04 07  05 38  12 43  16 26  19 35  20 58  12 12 

                              ADANA               
                              2016 - MAYIS
           GUN  İMSAK  GUNES  ÖĞLE   İKİNDİ AKŞAM  YATSI  K.SAT
           ---  -----  -----  ----   ------ -----  -----  -----
           01   04 06  05 37  12 43  16 27  19 36  21 00  12 12
           02   04 04  05 36  12 43  16 27  19 36  21 01  12 12
           03   04 03  05 35  12 43  16 27  19 37  21 02  12 12
           04   04 01  05 34  12 43  16 27  19 38  21 03  12 12
           05   04 00  05 33  12 42  16 27  19 39  21 05  12 12
           06   03 58  05 32  12 42  16 27  19 40  21 06  12 13
           07   03 57  05 31  12 42  16 28  19 41  21 07  12 13
           08   03 56  05 30  12 42  16 28  19 42  21 08  12 13
           09   03 54  05 29  12 42  16 28  19 43  21 10  12 13
           10   03 53  05 28  12 42  16 28  19 43  21 11  12 13
           11   03 52  05 27  12 42  16 28  19 44  21 12  12 14
           12   03 50  05 26  12 42  16 28  19 45  21 13  12 14
           13   03 49  05 25  12 42  16 29  19 46  21 15  12 14
           14   03 48  05 24  12 42  16 29  19 47  21 16  12 14
           15   03 47  05 24  12 42  16 29  19 48  21 17  12 15
           16   03 45  05 23  12 42  16 29  19 49  21 18  12 15
           17   03 44  05 22  12 42  16 29  19 49  21 19  12 15
           18   03 43  05 21  12 42  16 29  19 50  21 21  12 15
           19   03 42  05 21  12 42  16 30  19 51  21 22  12 16
           20   03 41  05 20  12 42  16 30  19 52  21 23  12 16
           21   03 40  05 19  12 42  16 30  19 53  21 24  12 16
           22   03 39  05 19  12 42  16 30  19 53  21 25  12 16
           23   03 38  05 18  12 42  16 30  19 54  21 26  12 17
           24   03 37  05 17  12 43  16 31  19 55  21 27  12 17
           25   03 36  05 17  12 43  16 31  19 56  21 29  12 17
           26   03 35  05 16  12 43  16 31  19 56  21 30  12 18
           27   03 34  05 16  12 43  16 31  19 57  21 31  12 18
           28   03 33  05 15  12 43  16 31  19 58  21 32  12 18
           29   03 32  05 15  12 43  16 32  19 59  21 33  12 18
           30   03 32  05 14  12 43  16 32  19 59  21 34  12 19
           31   03 31  05 14  12 43  16 32  20 00  21 35  12 19 

                              ADANA               
                              2016 - HAZIRAN
           GUN  İMSAK  GUNES  ÖĞLE   İKİNDİ AKŞAM  YATSI  K.SAT
           ---  -----  -----  ----   ------ -----  -----  -----
           01   03 30  05 14  12 44  16 32  20 01  21 36  12 19
           02   03 29  05 13  12 44  16 32  20 01  21 37  12 20
           03   03 29  05 13  12 44  16 33  20 02  21 37  12 20
           04   03 28  05 13  12 44  16 33  20 03  21 38  12 20
           05   03 28  05 12  12 44  16 33  20 03  21 39  12 20
           06   03 27  05 12  12 44  16 33  20 04  21 40  12 21
           07   03 27  05 12  12 45  16 34  20 04  21 41  12 21
           08   03 27  05 12  12 45  16 34  20 05  21 41  12 21
           09   03 26  05 12  12 45  16 34  20 05  21 42  12 22
           10   03 26  05 12  12 45  16 34  20 06  21 43  12 22
           11   03 26  05 12  12 45  16 35  20 06  21 43  12 22
           12   03 25  05 12  12 46  16 35  20 07  21 44  12 22
           13   03 25  05 12  12 46  16 35  20 07  21 45  12 23
           14   03 25  05 12  12 46  16 35  20 08  21 45  12 23
           15   03 25  05 12  12 46  16 35  20 08  21 46  12 23
           16   03 25  05 12  12 46  16 36  20 08  21 46  12 23
           17   03 25  05 12  12 47  16 36  20 09  21 47  12 24
           18   03 25  05 12  12 47  16 36  20 09  21 47  12 24
           19   03 25  05 12  12 47  16 36  20 09  21 47  12 24
           20   03 25  05 12  12 47  16 37  20 10  21 47  12 24
           21   03 26  05 12  12 48  16 37  20 10  21 48  12 25
           22   03 26  05 13  12 48  16 37  20 10  21 48  12 25
           23   03 26  05 13  12 48  16 37  20 10  21 48  12 25
           24   03 26  05 13  12 48  16 37  20 10  21 48  12 25
           25   03 27  05 14  12 48  16 38  20 10  21 48  12 25
           26   03 27  05 14  12 49  16 38  20 11  21 48  12 26
           27   03 28  05 14  12 49  16 38  20 11  21 48  12 26
           28   03 28  05 15  12 49  16 38  20 11  21 48  12 26
           29   03 29  05 15  12 49  16 38  20 11  21 48  12 26
           30   03 29  05 15  12 49  16 39  20 11  21 48  12 26 

                              ADANA               
                              2016 - TEMMUZ
           GUN  İMSAK  GUNES  ÖĞLE   İKİNDİ AKŞAM  YATSI  K.SAT
           ---  -----  -----  ----   ------ -----  -----  -----
           01   03 30  05 16  12 50  16 39  20 11  21 48  12 26
           02   03 31  05 16  12 50  16 39  20 10  21 47  12 26
           03   03 31  05 17  12 50  16 39  20 10  21 47  12 26
           04   03 32  05 17  12 50  16 39  20 10  21 47  12 27
           05   03 33  05 18  12 50  16 39  20 10  21 46  12 27
           06   03 34  05 18  12 51  16 39  20 10  21 46  12 27
           07   03 34  05 19  12 51  16 40  20 10  21 46  12 27
           08   03 35  05 20  12 51  16 40  20 09  21 45  12 27
           09   03 36  05 20  12 51  16 40  20 09  21 44  12 27
           10   03 37  05 21  12 51  16 40  20 09  21 44  12 27
           11   03 38  05 21  12 51  16 40  20 08  21 43  12 27
           12   03 39  05 22  12 51  16 40  20 08  21 43  12 27
           13   03 40  05 23  12 52  16 40  20 08  21 42  12 27
           14   03 41  05 23  12 52  16 40  20 07  21 41  12 27
           15   03 42  05 24  12 52  16 40  20 07  21 40  12 27
           16   03 43  05 25  12 52  16 40  20 06  21 40  12 27
           17   03 44  05 25  12 52  16 40  20 06  21 39  12 27
           18   03 45  05 26  12 52  16 40  20 05  21 38  12 27
           19   03 46  05 27  12 52  16 40  20 04  21 37  12 26
           20   03 47  05 28  12 52  16 40  20 04  21 36  12 26
           21   03 48  05 28  12 52  16 40  20 03  21 35  12 26
           22   03 50  05 29  12 52  16 40  20 02  21 34  12 26
           23   03 51  05 30  12 52  16 40  20 02  21 33  12 26
           24   03 52  05 31  12 52  16 40  20 01  21 32  12 26
           25   03 53  05 31  12 52  16 40  20 00  21 31  12 25
           26   03 54  05 32  12 52  16 39  20 00  21 30  12 25
           27   03 55  05 33  12 52  16 39  19 59  21 28  12 25
           28   03 57  05 34  12 52  16 39  19 58  21 27  12 25
           29   03 58  05 35  12 52  16 39  19 57  21 26  12 25
           30   03 59  05 35  12 52  16 39  19 56  21 25  12 24
           31   04 00  05 36  12 52  16 38  19 55  21 23  12 24 

                              
